Date,Open,High,Low,Close,Adj Close,Volume
1985-01-29,1277.719971,1295.489990,1266.890015,1292.619995,1292.619995,13560000
1985-01-30,1297.369995,1305.099976,1278.930054,1287.880005,1287.880005,16820000
1985-01-31,1283.239990,1293.400024,1272.640015,1286.770020,1286.770020,14070000
1985-02-01,1276.939941,1286.109985,1269.770020,1277.719971,1277.719971,10980000
1985-02-04,1272.079956,1294.939941,1268.989990,1290.079956,1290.079956,11630000
1985-02-05,1294.060059,1301.130005,1278.599976,1285.229980,1285.229980,13800000
1985-02-06,1284.890015,1294.500000,1275.069946,1280.589966,1280.589966,14610000
1985-02-07,1285.000000,1297.040039,1279.810059,1290.079956,1290.079956,11440000
1985-02-08,1290.079956,1297.150024,1281.359985,1289.969971,1289.969971,8000000
1985-02-11,1287.989990,1291.739990,1268.660034,1276.060059,1276.060059,12600000
1985-02-12,1271.199951,1283.130005,1266.339966,1276.609985,1276.609985,11870000
1985-02-13,1277.829956,1304.660034,1274.510010,1297.920044,1297.920044,14050000
1985-02-14,1301.790039,1307.530029,1283.680054,1287.880005,1287.880005,14020000
1985-02-15,1289.199951,1296.270020,1275.069946,1282.020020,1282.020020,8730000
1985-02-19,1279.810059,1287.430054,1273.520020,1280.589966,1280.589966,6690000
1985-02-20,1280.150024,1292.510010,1272.530029,1283.130005,1283.130005,10760000
1985-02-21,1280.369995,1287.099976,1272.640015,1279.040039,1279.040039,8600000
1985-02-22,1277.939941,1286.550049,1269.989990,1275.839966,1275.839966,8500000
1985-02-25,1269.989990,1283.130005,1263.910034,1277.500000,1277.500000,8420000
1985-02-26,1276.280029,1293.180054,1272.310059,1286.109985,1286.109985,11910000
1985-02-27,1285.670044,1295.270020,1274.400024,1281.030029,1281.030029,11900000
1985-02-28,1278.050049,1288.319946,1271.420044,1284.010010,1284.010010,8790000
1985-03-01,1285.339966,1309.959961,1282.689941,1299.359985,1299.359985,14730000
1985-03-04,1299.910034,1304.550049,1283.130005,1289.530029,1289.530029,12010000
1985-03-05,1290.079956,1300.020020,1281.030029,1291.849976,1291.849976,10060000
1985-03-06,1291.849976,1296.930054,1275.510010,1280.369995,1280.369995,10990000
1985-03-07,1276.829956,1283.239990,1265.459961,1271.530029,1271.530029,9870000
1985-03-08,1273.410034,1280.810059,1264.130005,1269.660034,1269.660034,9120000
1985-03-11,1268.770020,1277.050049,1260.930054,1268.550049,1268.550049,7710000
1985-03-12,1267.560059,1279.479980,1262.479980,1271.750000,1271.750000,8340000
1985-03-13,1270.979980,1278.270020,1257.619995,1261.699951,1261.699951,8840000
1985-03-14,1258.719971,1269.209961,1254.199951,1260.050049,1260.050049,7950000
1985-03-15,1259.719971,1266.890015,1245.140015,1247.349976,1247.349976,11280000
1985-03-18,1252.650024,1260.930054,1242.819946,1249.670044,1249.670044,8270000
1985-03-19,1249.010010,1274.180054,1245.689941,1271.089966,1271.089966,8990000
1985-03-20,1271.530029,1277.390015,1257.839966,1265.239990,1265.239990,10540000
1985-03-21,1263.800049,1278.930054,1257.619995,1268.219971,1268.219971,9630000
1985-03-22,1272.420044,1277.390015,1261.699951,1267.449951,1267.449951,7800000
1985-03-25,1261.699951,1268.329956,1252.869995,1259.939941,1259.939941,7930000
1985-03-26,1257.069946,1267.560059,1252.099976,1259.719971,1259.719971,9520000
1985-03-27,1260.160034,1270.869995,1255.959961,1264.910034,1264.910034,8960000
1985-03-28,1265.900024,1275.510010,1256.630005,1260.709961,1260.709961,8700000
1985-03-29,1263.469971,1270.650024,1255.849976,1266.780029,1266.780029,9810000
1985-04-01,1264.800049,1276.280029,1260.489990,1272.750000,1272.750000,6930000
1985-04-02,1273.959961,1280.150024,1261.479980,1265.680054,1265.680054,8460000
1985-04-03,1264.689941,1268.109985,1251.550049,1258.060059,1258.060059,9310000
1985-04-04,1256.290039,1264.239990,1248.339966,1259.050049,1259.050049,6920000
1985-04-08,1259.500000,1267.010010,1246.020020,1252.979980,1252.979980,7940000
1985-04-09,1252.209961,1262.040039,1246.579956,1253.859985,1253.859985,8010000
1985-04-10,1256.849976,1269.099976,1252.099976,1259.939941,1259.939941,9130000
1985-04-11,1265.239990,1274.849976,1257.180054,1263.689941,1263.689941,10800000
1985-04-12,1263.689941,1270.430054,1257.290039,1265.680054,1265.680054,7320000
1985-04-15,1262.589966,1272.420044,1257.839966,1266.780029,1266.780029,6870000
1985-04-16,1268.109985,1276.609985,1256.959961,1269.550049,1269.550049,9870000
1985-04-17,1269.660034,1277.500000,1263.469971,1272.310059,1272.310059,9120000
1985-04-18,1278.819946,1281.910034,1260.819946,1265.130005,1265.130005,11170000
1985-04-19,1265.130005,1272.530029,1258.500000,1266.560059,1266.560059,8740000
1985-04-22,1269.770020,1273.630005,1257.619995,1266.560059,1266.560059,7080000
1985-04-23,1265.349976,1282.910034,1261.150024,1278.709961,1278.709961,10790000
1985-04-24,1279.489990,1286.439941,1269.880005,1278.489990,1278.489990,8510000
1985-04-25,1276.829956,1289.199951,1272.530029,1284.780029,1284.780029,9620000
1985-04-26,1286.219971,1290.300049,1270.540039,1275.180054,1275.180054,8930000
1985-04-29,1272.859985,1277.939941,1257.400024,1259.719971,1259.719971,9200000
1985-04-30,1256.739990,1266.229980,1245.800049,1258.060059,1258.060059,12390000
1985-05-01,1257.180054,1262.810059,1239.069946,1242.050049,1242.050049,10050000
1985-05-02,1244.369995,1251.209961,1235.530029,1242.270020,1242.270020,9780000
1985-05-03,1243.709961,1253.859985,1238.300049,1247.239990,1247.239990,8680000
1985-05-06,1246.910034,1256.400024,1241.390015,1247.790039,1247.790039,7100000
1985-05-07,1248.229980,1261.369995,1243.150024,1252.750000,1252.750000,9140000
1985-05-08,1248.670044,1258.939941,1239.510010,1249.780029,1249.780029,9710000
1985-05-09,1251.880005,1265.569946,1246.579956,1260.270020,1260.270020,16290000
1985-05-10,1268.989990,1282.459961,1261.589966,1274.180054,1274.180054,16460000
1985-05-13,1277.609985,1283.569946,1268.770020,1277.500000,1277.500000,7530000
1985-05-14,1281.469971,1288.650024,1267.670044,1273.300049,1273.300049,11580000
1985-05-15,1271.199951,1283.569946,1265.459961,1273.520020,1273.520020,13980000
1985-05-16,1276.719971,1285.109985,1270.099976,1278.050049,1278.050049,10590000
1985-05-17,1276.829956,1295.829956,1271.420044,1285.339966,1285.339966,14230000
1985-05-20,1298.949951,1310.369995,1292.229980,1304.880005,1304.880005,15320000
1985-05-21,1305.000000,1316.079956,1297.489990,1309.699951,1309.699951,13230000
1985-05-22,1305.219971,1308.920044,1294.349976,1303.760010,1303.760010,8670000
1985-05-23,1301.750000,1307.800049,1290.989990,1296.709961,1296.709961,8210000
1985-05-24,1295.469971,1305.670044,1291.109985,1301.969971,1301.969971,6680000
1985-05-28,1305.329956,1312.839966,1293.229980,1301.520020,1301.520020,9210000
1985-05-29,1300.959961,1308.359985,1292.790039,1302.979980,1302.979980,8880000
1985-05-30,1306.449951,1314.180054,1293.910034,1305.780029,1305.780029,14740000
1985-05-31,1302.760010,1320.790039,1298.719971,1315.410034,1315.410034,12190000
1985-06-03,1321.239990,1325.040039,1304.209961,1310.930054,1310.930054,10830000
1985-06-04,1310.599976,1321.239990,1304.439941,1315.300049,1315.300049,9450000
1985-06-05,1320.560059,1331.770020,1312.609985,1320.560059,1320.560059,14320000
1985-06-06,1317.199951,1330.530029,1311.939941,1327.280029,1327.280029,9770000
1985-06-07,1329.640015,1331.989990,1312.949951,1316.420044,1316.420044,8590000
1985-06-10,1314.290039,1322.579956,1307.239990,1318.439941,1318.439941,6120000
1985-06-11,1319.000000,1323.810059,1308.020020,1313.839966,1313.839966,8020000
1985-06-12,1312.050049,1318.209961,1300.739990,1306.339966,1306.339966,9550000
1985-06-13,1302.199951,1308.130005,1285.390015,1290.099976,1290.099976,13310000
1985-06-14,1297.380005,1305.439941,1288.880005,1300.959961,1300.959961,9220000
1985-06-17,1298.949951,1303.989990,1288.750000,1298.390015,1298.390015,7280000
1985-06-18,1299.400024,1312.390015,1293.680054,1304.770020,1304.770020,10900000
1985-06-19,1304.770020,1312.719971,1293.569946,1297.380005,1297.380005,11310000
1985-06-20,1296.709961,1305.439941,1287.750000,1299.729980,1299.729980,7780000
1985-06-21,1297.270020,1326.050049,1293.790039,1324.479980,1324.479980,15770000
1985-06-24,1315.079956,1326.719971,1307.800049,1320.560059,1320.560059,10100000
1985-06-25,1322.689941,1338.819946,1314.069946,1323.030029,1323.030029,14050000
1985-06-26,1320.680054,1329.189941,1314.739990,1323.810059,1323.810059,10060000
1985-06-27,1325.939941,1338.709961,1321.800049,1332.209961,1332.209961,9760000
1985-06-28,1334.119995,1341.170044,1326.160034,1335.459961,1335.459961,9150000
1985-07-01,1334.010010,1342.180054,1322.579956,1337.140015,1337.140015,7880000
1985-07-02,1335.459961,1343.750000,1329.189941,1334.010010,1334.010010,9170000
1985-07-03,1331.770020,1337.589966,1320.229980,1326.390015,1326.390015,9030000
1985-07-05,1328.290039,1340.609985,1324.930054,1334.449951,1334.449951,6000000
1985-07-08,1330.420044,1336.469971,1318.880005,1328.410034,1328.410034,7050000
1985-07-09,1324.599976,1333.670044,1313.400024,1321.910034,1321.910034,9400000
1985-07-10,1320.900024,1336.810059,1315.300049,1332.890015,1332.890015,10060000
1985-07-11,1333.219971,1343.640015,1326.160034,1337.699951,1337.699951,10170000
1985-07-12,1336.130005,1345.989990,1326.390015,1338.599976,1338.599976,11060000
1985-07-15,1333.890015,1347.670044,1326.949951,1335.459961,1335.459961,10970000
1985-07-16,1336.579956,1351.930054,1331.540039,1347.890015,1347.890015,12980000
1985-07-17,1354.609985,1365.930054,1346.209961,1357.969971,1357.969971,15510000
1985-07-18,1352.260010,1363.260010,1345.319946,1350.920044,1350.920044,12590000
1985-07-19,1351.030029,1363.349976,1346.439941,1359.540039,1359.540039,10810000
1985-07-22,1356.180054,1362.119995,1346.890015,1357.640015,1357.640015,8790000
1985-07-23,1357.079956,1372.199951,1344.760010,1351.810059,1351.810059,18070000
1985-07-24,1349.800049,1359.209961,1335.689941,1348.900024,1348.900024,12860000
1985-07-25,1349.130005,1359.880005,1338.599976,1353.609985,1353.609985,11870000
1985-07-26,1352.260010,1365.589966,1345.209961,1357.079956,1357.079956,10820000
1985-07-29,1354.280029,1358.089966,1338.930054,1343.859985,1343.859985,8560000
1985-07-30,1340.390015,1352.599976,1334.900024,1346.099976,1346.099976,10790000
1985-07-31,1347.890015,1357.410034,1340.050049,1347.449951,1347.449951,10690000
1985-08-01,1350.020020,1361.900024,1342.969971,1355.619995,1355.619995,9840000
1985-08-02,1354.280029,1360.099976,1345.430054,1353.050049,1353.050049,6220000
1985-08-05,1348.569946,1352.709961,1336.920044,1346.890015,1346.890015,6640000
1985-08-06,1345.880005,1350.020020,1322.920044,1325.160034,1325.160034,9710000
1985-08-07,1320.790039,1331.209961,1316.310059,1325.040039,1325.040039,7260000
1985-08-08,1324.709961,1334.790039,1318.319946,1329.859985,1329.859985,8480000
1985-08-09,1328.849976,1331.880005,1317.650024,1320.790039,1320.790039,7430000
1985-08-12,1318.770020,1324.369995,1309.140015,1314.290039,1314.290039,7200000
1985-08-13,1314.630005,1325.489990,1303.650024,1315.300049,1315.300049,7200000
1985-08-14,1318.550049,1326.050049,1311.380005,1316.979980,1316.979980,7120000
1985-08-15,1318.439941,1324.709961,1308.130005,1317.760010,1317.760010,7550000
1985-08-16,1312.609985,1321.569946,1305.890015,1312.719971,1312.719971,10380000
1985-08-19,1312.050049,1319.219971,1307.569946,1312.500000,1312.500000,6070000
1985-08-20,1315.969971,1328.069946,1311.829956,1323.699951,1323.699951,9120000
1985-08-21,1323.920044,1333.670044,1319.109985,1329.530029,1329.530029,7180000
1985-08-22,1330.420044,1334.680054,1313.510010,1318.099976,1318.099976,8260000
1985-08-23,1316.420044,1322.920044,1310.479980,1318.319946,1318.319946,6090000
1985-08-26,1316.640015,1324.260010,1309.810059,1317.650024,1317.650024,5160000
1985-08-27,1321.239990,1328.630005,1315.189941,1322.469971,1322.469971,6750000
1985-08-28,1322.920044,1334.790039,1316.979980,1331.089966,1331.089966,12840000
1985-08-29,1331.209961,1340.050049,1325.160034,1335.130005,1335.130005,10400000
1985-08-30,1335.459961,1342.410034,1325.270020,1334.010010,1334.010010,9110000
1985-09-03,1333.670044,1337.140015,1322.800049,1329.189941,1329.189941,8070000
1985-09-04,1329.079956,1334.119995,1318.209961,1326.719971,1326.719971,8610000
1985-09-05,1326.390015,1333.000000,1318.660034,1325.829956,1325.829956,8250000
1985-09-06,1327.170044,1341.400024,1323.920044,1335.689941,1335.689941,8900000
1985-09-09,1335.130005,1348.229980,1326.609985,1339.270020,1339.270020,8680000
1985-09-10,1337.930054,1346.550049,1324.819946,1333.449951,1333.449951,10140000
1985-09-11,1330.199951,1334.010010,1314.849976,1319.439941,1319.439941,8070000
1985-09-12,1317.430054,1327.400024,1307.010010,1312.390015,1312.390015,9940000
1985-09-13,1314.959961,1320.119995,1296.709961,1307.680054,1307.680054,10130000
1985-09-16,1307.349976,1315.750000,1301.079956,1309.140015,1309.140015,7020000
1985-09-17,1308.579956,1314.520020,1291.219971,1298.160034,1298.160034,10270000
1985-09-18,1295.250000,1307.569946,1283.709961,1300.400024,1300.400024,11930000
1985-09-19,1298.839966,1312.949951,1291.219971,1306.790039,1306.790039,10130000
1985-09-20,1306.339966,1313.400024,1294.469971,1297.939941,1297.939941,11020000
1985-09-23,1313.959961,1323.589966,1305.780029,1316.310059,1316.310059,17580000
1985-09-24,1314.739990,1334.569946,1301.859985,1321.119995,1321.119995,11040000
1985-09-25,1323.479980,1330.199951,1306.000000,1312.050049,1312.050049,12280000
1985-09-26,1310.599976,1325.270020,1301.969971,1320.790039,1320.790039,12880000
1985-09-30,1330.089966,1336.810059,1318.550049,1328.630005,1328.630005,12020000
1985-10-01,1329.640015,1343.969971,1323.479980,1340.949951,1340.949951,15600000
1985-10-02,1343.410034,1351.589966,1327.959961,1333.670044,1333.670044,12580000
1985-10-03,1332.209961,1345.430054,1323.810059,1333.109985,1333.109985,10700000
1985-10-04,1330.089966,1335.010010,1321.119995,1328.739990,1328.739990,8830000
1985-10-07,1326.050049,1335.910034,1315.189941,1324.369995,1324.369995,9300000
1985-10-08,1325.040039,1333.890015,1316.199951,1325.489990,1325.489990,7620000
1985-10-09,1324.479980,1336.810059,1320.229980,1326.719971,1326.719971,7500000
1985-10-10,1325.599976,1333.329956,1318.439941,1328.069946,1328.069946,6010000
1985-10-11,1328.290039,1343.410034,1323.699951,1339.939941,1339.939941,9210000
1985-10-14,1340.390015,1356.180054,1336.579956,1354.729980,1354.729980,8640000
1985-10-15,1356.739990,1364.140015,1343.530029,1350.810059,1350.810059,13530000
1985-10-16,1351.930054,1371.300049,1346.209961,1368.500000,1368.500000,13400000
1985-10-17,1366.939941,1378.359985,1356.849976,1369.290039,1369.290039,13980000
1985-10-18,1368.839966,1383.400024,1358.869995,1368.839966,1368.839966,12670000
1985-10-21,1367.050049,1375.670044,1357.750000,1364.140015,1364.140015,7800000
1985-10-22,1364.250000,1374.660034,1356.180054,1364.359985,1364.359985,9230000
1985-10-23,1364.469971,1373.430054,1357.079956,1367.160034,1367.160034,10770000
1985-10-24,1367.380005,1374.550049,1355.290039,1362.339966,1362.339966,12230000
1985-10-25,1360.099976,1366.709961,1351.589966,1356.520020,1356.520020,11960000
1985-10-28,1353.050049,1364.020020,1346.550049,1359.989990,1359.989990,10710000
1985-10-29,1361.780029,1377.689941,1356.180054,1368.729980,1368.729980,12310000
1985-10-30,1373.050049,1384.630005,1361.010010,1375.569946,1375.569946,15150000
1985-10-31,1375.459961,1383.599976,1362.609985,1374.310059,1374.310059,13330000
1985-11-01,1372.130005,1393.579956,1367.780029,1390.250000,1390.250000,13930000
1985-11-04,1388.069946,1398.510010,1377.060059,1389.680054,1389.680054,11580000
1985-11-05,1386.810059,1402.520020,1380.280029,1396.670044,1396.670044,13870000
1985-11-06,1398.390015,1411.010010,1386.469971,1403.439941,1403.439941,14980000
1985-11-07,1400.109985,1410.109985,1389.910034,1399.540039,1399.540039,14160000
1985-11-08,1397.939941,1410.439941,1391.060059,1404.359985,1404.359985,11500000
1985-11-11,1405.729980,1432.569946,1402.410034,1431.880005,1431.880005,17030000
1985-11-12,1431.079956,1446.099976,1421.099976,1433.599976,1433.599976,19860000
1985-11-13,1432.680054,1439.790039,1419.380005,1427.750000,1427.750000,10740000
1985-11-14,1425.689941,1443.810059,1420.640015,1439.219971,1439.219971,12710000
1985-11-15,1435.780029,1450.569946,1425.689941,1435.089966,1435.089966,16310000
1985-11-18,1433.260010,1447.250000,1422.250000,1440.020020,1440.020020,12790000
1985-11-19,1444.719971,1452.180054,1430.050049,1438.989990,1438.989990,14000000
1985-11-20,1440.369995,1451.489990,1429.239990,1439.219971,1439.219971,17360000
1985-11-21,1445.300049,1466.060059,1439.790039,1462.270020,1462.270020,20310000
1985-11-22,1460.780029,1475.569946,1451.609985,1464.329956,1464.329956,15890000
1985-11-25,1462.839966,1467.089966,1449.430054,1456.650024,1456.650024,11070000
1985-11-26,1456.540039,1470.069946,1447.250000,1456.770020,1456.770020,20920000
1985-11-27,1460.439941,1483.829956,1454.010010,1475.689941,1475.689941,23580000
1985-11-29,1480.280029,1486.930054,1463.989990,1472.130005,1472.130005,10990000
1985-12-02,1471.329956,1476.260010,1451.260010,1457.910034,1457.910034,10620000
1985-12-03,1455.050049,1466.400024,1450.339966,1459.060059,1459.060059,9620000
1985-12-04,1463.760010,1488.760010,1457.449951,1484.400024,1484.400024,17420000
1985-12-05,1490.369995,1504.010010,1477.979980,1482.910034,1482.910034,19850000
1985-12-06,1476.719971,1488.300049,1464.790039,1477.180054,1477.180054,15140000
1985-12-09,1483.939941,1504.130005,1478.099976,1497.020020,1497.020020,21060000
1985-12-10,1498.849976,1514.910034,1483.939941,1499.199951,1499.199951,25800000
1985-12-11,1498.170044,1520.300049,1492.089966,1511.699951,1511.699951,25490000
1985-12-12,1512.040039,1523.510010,1496.790039,1511.239990,1511.239990,23580000
1985-12-13,1515.479980,1546.439941,1502.750000,1535.209961,1535.209961,22730000
1985-12-16,1538.300049,1570.869995,1528.900024,1553.099976,1553.099976,22700000
1985-12-17,1556.880005,1568.810059,1536.349976,1544.500000,1544.500000,20390000
1985-12-18,1543.119995,1560.439941,1528.439941,1542.430054,1542.430054,20280000
1985-12-19,1540.369995,1552.979980,1532.000000,1543.920044,1543.920044,16160000
1985-12-20,1548.739990,1564.560059,1535.670044,1543.000000,1543.000000,23510000
1985-12-23,1539.219971,1547.819946,1516.630005,1528.780029,1528.780029,15970000
1985-12-24,1526.380005,1532.449951,1508.829956,1519.150024,1519.150024,9740000
1985-12-26,1520.760010,1532.569946,1514.680054,1526.489990,1526.489990,6770000
1985-12-27,1530.160034,1548.849976,1527.290039,1543.000000,1543.000000,9910000
1985-12-30,1546.099976,1557.339966,1534.979980,1550.459961,1550.459961,11450000
1985-12-31,1552.290039,1562.839966,1537.500000,1546.670044,1546.670044,13630000
1986-01-02,1546.219971,1551.949951,1523.739990,1537.729980,1537.729980,10660000
1986-01-03,1540.020020,1557.109985,1534.979980,1549.199951,1549.199951,10460000
1986-01-06,1550.000000,1557.000000,1537.040039,1547.589966,1547.589966,11000000
1986-01-07,1552.060059,1573.739990,1544.500000,1565.709961,1565.709961,15170000
1986-01-08,1570.989990,1578.099976,1516.630005,1526.609985,1526.609985,20630000
1986-01-09,1516.060059,1530.849976,1495.640015,1518.229980,1518.229980,21010000
1986-01-10,1520.760010,1530.959961,1500.569946,1513.530029,1513.530029,12520000
1986-01-13,1511.930054,1526.829956,1502.290039,1520.530029,1520.530029,13130000
1986-01-14,1526.380005,1530.619995,1508.030029,1519.040039,1519.040039,11790000
1986-01-15,1519.839966,1535.319946,1512.959961,1527.290039,1527.290039,11290000
1986-01-16,1531.079956,1547.709961,1517.089966,1541.630005,1541.630005,16920000
1986-01-17,1541.170044,1552.520020,1519.719971,1536.699951,1536.699951,17010000
1986-01-20,1530.849976,1536.010010,1516.859985,1529.130005,1529.130005,8140000
1986-01-21,1530.390015,1535.890015,1502.869995,1514.449951,1514.449951,13570000
1986-01-22,1513.420044,1525.569946,1494.839966,1502.290039,1502.290039,12970000
1986-01-23,1500.339966,1519.390015,1491.739990,1511.239990,1511.239990,14150000
1986-01-24,1517.430054,1537.390015,1507.680054,1529.930054,1529.930054,13790000
1986-01-27,1536.579956,1548.170044,1524.430054,1537.609985,1537.609985,11430000
1986-01-28,1540.369995,1561.349976,1530.500000,1556.420044,1556.420044,16080000
1986-01-29,1558.140015,1578.099976,1548.050049,1558.939941,1558.939941,18090000
1986-01-30,1558.369995,1572.589966,1545.760010,1552.180054,1552.180054,13370000
1986-01-31,1551.260010,1582.910034,1548.170044,1570.989990,1570.989990,17840000
1986-02-03,1570.530029,1600.109985,1564.329956,1594.270020,1594.270020,16320000
1986-02-04,1596.670044,1611.469971,1575.459961,1593.229980,1593.229980,21880000
1986-02-05,1590.140015,1601.829956,1576.260010,1593.119995,1593.119995,16260000
1986-02-06,1595.760010,1616.510010,1587.500000,1600.689941,1600.689941,18580000
1986-02-07,1590.140015,1622.819946,1576.829956,1613.420044,1613.420044,18470000
1986-02-10,1614.449951,1633.140015,1605.160034,1626.380005,1626.380005,15150000
1986-02-11,1624.890015,1637.500000,1613.300049,1622.819946,1622.819946,15710000
1986-02-12,1625.339966,1640.479980,1611.699951,1629.930054,1629.930054,18270000
1986-02-13,1632.569946,1649.310059,1616.859985,1645.069946,1645.069946,16320000
1986-02-14,1645.410034,1668.689941,1636.119995,1664.449951,1664.449951,19100000
1986-02-18,1661.579956,1685.550049,1649.430054,1678.780029,1678.780029,16930000
1986-02-19,1673.050049,1689.219971,1651.030029,1658.260010,1658.260010,15180000
1986-02-20,1652.750000,1675.459961,1641.969971,1672.819946,1672.819946,13910000
1986-02-21,1681.540039,1702.750000,1668.689941,1697.709961,1697.709961,21280000
1986-02-24,1689.790039,1709.750000,1678.670044,1698.280029,1698.280029,16080000
1986-02-25,1695.989990,1709.520020,1674.079956,1692.660034,1692.660034,16000000
1986-02-26,1694.040039,1714.790039,1679.589966,1696.900024,1696.900024,19340000
1986-02-27,1701.829956,1728.900024,1683.369995,1713.989990,1713.989990,21010000
1986-02-28,1722.589966,1732.569946,1687.500000,1709.060059,1709.060059,21070000
1986-03-03,1706.189941,1714.329956,1684.630005,1696.670044,1696.670044,13800000
1986-03-04,1699.109985,1718.630005,1679.719971,1686.420044,1686.420044,1